Je = 0.3209
Jot = -0.00597
Jop = -0.00897